122313231323122213
231311132312323132
321323123123123213
112133213113233213
213122311331322131
131321232112132121
213121312311321232
222312321312323123
312132231312221312
213212132213133311
123122111123132132
321313231323112113
231213212132311221
211313332122312331
132223131221331211
312132212333121222
321123133321232113
231323131223132312
112313323132212323
222313321111323132
121332312223123123
233312133221231213
111231322311323123
213231332312312132
222312313123323111
213323123132122312
113231321132132221
331131231321322213
213231223113231231
312132112333222313
231321321332122111
231323132312121223
113231233122133212
321232313123121213
213121212331211321
123121231133213113
133221313212321231
223221311231123331
211331213213232112
321331232133213211
333111231323121221
121112332313332213
113321332132311322
223221323132313113
213231232112122333
132313233121223111
231323122311123132
132312132312313231
323122312112323312
323122331311112312
231323121321113231
132312131221333121
213323132312121133
131323121323231132
231323312111233131
121332311223133122
322313231332311323
223222111321323121
113132313233132221
132313232132311132
231323122313211133
332313231121231321
132313231321211123
322113231313122312